   0.0000000e+00
   2.0000000e+01
   3.9632653e+01
   5.8897959e+01
   7.7795918e+01
   9.6326531e+01
   1.1448980e+02
   1.3228571e+02
   1.4971429e+02
   1.6677551e+02
   1.8346939e+02
   1.9979592e+02
   2.1575510e+02
   2.3134694e+02
   2.4657143e+02
   2.6142857e+02
   2.7591837e+02
   2.9004082e+02
   3.0379592e+02
   3.1718367e+02
   3.3020408e+02
   3.4285714e+02
   3.5514286e+02
   3.6706122e+02
   3.7861224e+02
   3.8979592e+02
   4.0061224e+02
   4.1106122e+02
   4.2114286e+02
   4.3085714e+02
   4.4020408e+02
   4.4918367e+02
   4.5779592e+02
   4.6604082e+02
   4.7391837e+02
   4.8142857e+02
   4.8857143e+02
   4.9534694e+02
   5.0175510e+02
   5.0779592e+02
   5.1346939e+02
   5.1877551e+02
   5.2371429e+02
   5.2828571e+02
   5.3248980e+02
   5.3632653e+02
   5.3979592e+02
   5.4289796e+02
   5.4563265e+02
   5.4800000e+02
   5.5000000e+02
   5.5200000e+02
   5.5400000e+02
   5.5600000e+02
   5.5800000e+02
   5.6000000e+02
   5.6200000e+02
   5.6400000e+02
   5.6600000e+02
   5.6800000e+02
   5.7000000e+02
   5.7200000e+02
   5.7400000e+02
   5.7600000e+02
   5.7800000e+02
   5.8000000e+02
   5.8200000e+02
   5.8400000e+02
   5.8600000e+02
   5.8800000e+02
   5.9000000e+02
   5.9200000e+02
   5.9400000e+02
   5.9600000e+02
   5.9800000e+02
   6.0000000e+02
   6.0200000e+02
   6.0400000e+02
   6.0600000e+02
   6.0800000e+02
   6.1000000e+02
   6.1200000e+02
   6.1400000e+02
   6.1600000e+02
   6.1800000e+02
   6.2000000e+02
   6.2200000e+02
   6.2400000e+02
   6.2600000e+02
   6.2800000e+02
   6.3000000e+02
   6.3200000e+02
   6.3400000e+02
   6.3600000e+02
   6.3800000e+02
   6.4000000e+02
   6.4200000e+02
   6.4400000e+02
   6.4600000e+02
   6.4800000e+02
   6.5000000e+02
   6.5200000e+02
   6.5400000e+02
   6.5600000e+02
   6.5800000e+02
   6.6000000e+02
   6.6200000e+02
   6.6400000e+02
   6.6600000e+02
   6.6800000e+02
   6.7000000e+02
   6.7200000e+02
   6.7400000e+02
   6.7600000e+02
   6.7800000e+02
   6.8000000e+02
   6.8200000e+02
   6.8400000e+02
   6.8600000e+02
   6.8800000e+02
   6.9000000e+02
   6.9200000e+02
   6.9400000e+02
   6.9600000e+02
   6.9800000e+02
   7.0000000e+02
   7.0200000e+02
   7.0400000e+02
   7.0600000e+02
   7.0800000e+02
   7.1000000e+02
   7.1200000e+02
   7.1400000e+02
   7.1600000e+02
   7.1800000e+02
   7.2000000e+02
   7.2200000e+02
   7.2400000e+02
   7.2600000e+02
   7.2800000e+02
   7.3000000e+02
   7.3200000e+02
   7.3400000e+02
   7.3600000e+02
   7.3800000e+02
   7.4000000e+02
   7.4200000e+02
   7.4400000e+02
   7.4600000e+02
   7.4800000e+02
   7.5000000e+02
   7.5199625e+02
   7.5398875e+02
   7.5597750e+02
   7.5796250e+02
   7.5994375e+02
   7.6192125e+02
   7.6389500e+02
   7.6586500e+02
   7.6783125e+02
   7.6979375e+02
   7.7175250e+02
   7.7370750e+02
   7.7565875e+02
   7.7760625e+02
   7.7955000e+02
   7.8149000e+02
   7.8342625e+02
   7.8535875e+02
   7.8728750e+02
   7.8921250e+02
   7.9113375e+02
   7.9305125e+02
   7.9496500e+02
   7.9687500e+02
   7.9878125e+02
   8.0068375e+02
   8.0258250e+02
   8.0447750e+02
   8.0636875e+02
   8.0825625e+02
   8.1014000e+02
   8.1202000e+02
   8.1389625e+02
   8.1576875e+02
   8.1763750e+02
   8.1950250e+02
   8.2136375e+02
   8.2322125e+02
   8.2507500e+02
   8.2692500e+02
   8.2877125e+02
   8.3061375e+02
   8.3245250e+02
   8.3428750e+02
   8.3611875e+02
   8.3794625e+02
   8.3977000e+02
   8.4159000e+02
   8.4340625e+02
   8.4521875e+02
   8.4702750e+02
   8.4883250e+02
   8.5063375e+02
   8.5243125e+02
   8.5422500e+02
   8.5601500e+02
   8.5780125e+02
   8.5958375e+02
   8.6136250e+02
   8.6313750e+02
   8.6490875e+02
   8.6667625e+02
   8.6844000e+02
   8.7020000e+02
   8.7195625e+02
   8.7370875e+02
   8.7545750e+02
   8.7720250e+02
   8.7894375e+02
   8.8068125e+02
   8.8241500e+02
   8.8414500e+02
   8.8587125e+02
   8.8759375e+02
   8.8931250e+02
   8.9102750e+02
   8.9273875e+02
   8.9444625e+02
   8.9615000e+02
   8.9785000e+02
   8.9954625e+02
   9.0123875e+02
   9.0292750e+02
   9.0461250e+02
   9.0629375e+02
   9.0797125e+02
   9.0964500e+02
   9.1131500e+02
   9.1298125e+02
   9.1464375e+02
   9.1630250e+02
   9.1795750e+02
   9.1960875e+02
   9.2125625e+02
   9.2290000e+02
   9.2454000e+02
   9.2617625e+02
   9.2780875e+02
   9.2943750e+02
   9.3106250e+02
   9.3268375e+02
   9.3430125e+02
   9.3591500e+02
   9.3752500e+02
   9.3913125e+02
   9.4073375e+02
   9.4233250e+02
   9.4392750e+02
   9.4551875e+02
   9.4710625e+02
   9.4869000e+02
   9.5027000e+02
   9.5184625e+02
   9.5341875e+02
   9.5498750e+02
   9.5655250e+02
   9.5811375e+02
   9.5967125e+02
   9.6122500e+02
   9.6277500e+02
   9.6432125e+02
   9.6586375e+02
   9.6740250e+02
   9.6893750e+02
   9.7046875e+02
   9.7199625e+02
   9.7352000e+02
   9.7504000e+02
   9.7655625e+02
   9.7806875e+02
   9.7957750e+02
   9.8108250e+02
   9.8258375e+02
   9.8408125e+02
   9.8557500e+02
   9.8706500e+02
   9.8855125e+02
   9.9003375e+02
   9.9151250e+02
   9.9298750e+02
   9.9445875e+02
   9.9592625e+02
   9.9739000e+02
   9.9885000e+02
   1.0003062e+03
   1.0017587e+03
   1.0032075e+03
   1.0046525e+03
   1.0060938e+03
   1.0075312e+03
   1.0089650e+03
   1.0103950e+03
   1.0118212e+03
   1.0132437e+03
   1.0146625e+03
   1.0160775e+03
   1.0174887e+03
   1.0188963e+03
   1.0203000e+03
   1.0217000e+03
   1.0230962e+03
   1.0244887e+03
   1.0258775e+03
   1.0272625e+03
   1.0286437e+03
   1.0300213e+03
   1.0313950e+03
   1.0327650e+03
   1.0341312e+03
   1.0354937e+03
   1.0368525e+03
   1.0382075e+03
   1.0395587e+03
   1.0409062e+03
   1.0422500e+03
   1.0435900e+03
   1.0449262e+03
   1.0462587e+03
   1.0475875e+03
   1.0489125e+03
   1.0502337e+03
   1.0515512e+03
   1.0528650e+03
   1.0541750e+03
   1.0554813e+03
   1.0567838e+03
   1.0580825e+03
   1.0593775e+03
   1.0606688e+03
   1.0619562e+03
   1.0632400e+03
   1.0645200e+03
   1.0657962e+03
   1.0670687e+03
   1.0683375e+03
   1.0696025e+03
   1.0708637e+03
   1.0721212e+03
   1.0733750e+03
   1.0746250e+03
   1.0758712e+03
   1.0771137e+03
   1.0783525e+03
   1.0795875e+03
   1.0808187e+03
   1.0820462e+03
   1.0832700e+03
   1.0844900e+03
   1.0857062e+03
   1.0869188e+03
   1.0881275e+03
   1.0893325e+03
   1.0905338e+03
   1.0917313e+03
   1.0929250e+03
   1.0941150e+03
   1.0953012e+03
   1.0964837e+03
   1.0976625e+03
   1.0988375e+03
   1.1000087e+03
   1.1011762e+03
   1.1023400e+03
   1.1035000e+03
   1.1046562e+03
   1.1058087e+03
   1.1069575e+03
   1.1081025e+03
   1.1092437e+03
   1.1103812e+03
   1.1115150e+03
   1.1126450e+03
   1.1137713e+03
   1.1148937e+03
   1.1160125e+03
   1.1171275e+03
   1.1182387e+03
   1.1193463e+03
   1.1204500e+03
   1.1215500e+03
   1.1226463e+03
   1.1237387e+03
   1.1248275e+03
   1.1259125e+03
   1.1269937e+03
   1.1280712e+03
   1.1291450e+03
   1.1302150e+03
   1.1312812e+03
   1.1323438e+03
   1.1334025e+03
   1.1344575e+03
   1.1355087e+03
   1.1365562e+03
   1.1376000e+03
   1.1386400e+03
   1.1396762e+03
   1.1407088e+03
   1.1417375e+03
   1.1427625e+03
   1.1437838e+03
   1.1448012e+03
   1.1458150e+03
   1.1468250e+03
   1.1478312e+03
   1.1488338e+03
   1.1498325e+03
   1.1508275e+03
   1.1518187e+03
   1.1528062e+03
   1.1537900e+03
   1.1547700e+03
   1.1557462e+03
   1.1567188e+03
   1.1576875e+03
   1.1586525e+03
   1.1596137e+03
   1.1605712e+03
   1.1615250e+03
   1.1624750e+03
   1.1634212e+03
   1.1643637e+03
   1.1653025e+03
   1.1662375e+03
   1.1671688e+03
   1.1680963e+03
   1.1690200e+03
   1.1699400e+03
   1.1708563e+03
   1.1717687e+03
   1.1726775e+03
   1.1735825e+03
   1.1744837e+03
   1.1753812e+03
   1.1762750e+03
   1.1771650e+03
   1.1780512e+03
   1.1789337e+03
   1.1798125e+03
   1.1806875e+03
   1.1815587e+03
   1.1824262e+03
   1.1832900e+03
   1.1841500e+03
   1.1850062e+03
   1.1858587e+03
   1.1867075e+03
   1.1875525e+03
   1.1883937e+03
   1.1892313e+03
   1.1900650e+03
   1.1908950e+03
   1.1917213e+03
   1.1925438e+03
   1.1933625e+03
   1.1941775e+03
   1.1949887e+03
   1.1957962e+03
   1.1966000e+03
   1.1974000e+03
   1.1981962e+03
   1.1989887e+03
   1.1997775e+03
   1.2005625e+03
   1.2013438e+03
   1.2021212e+03
   1.2028950e+03
   1.2036650e+03
   1.2044312e+03
   1.2051937e+03
   1.2059525e+03
   1.2067075e+03
   1.2074588e+03
   1.2082062e+03
   1.2089500e+03
   1.2096900e+03
   1.2104262e+03
   1.2111588e+03
   1.2118875e+03
   1.2126125e+03
   1.2133338e+03
   1.2140512e+03
   1.2147650e+03
   1.2154750e+03
   1.2161812e+03
   1.2168837e+03
   1.2175825e+03
   1.2182775e+03
   1.2189688e+03
   1.2196562e+03
   1.2203400e+03
   1.2210200e+03
   1.2216962e+03
   1.2223687e+03
   1.2230375e+03
   1.2237025e+03
   1.2243637e+03
   1.2250213e+03
   1.2256750e+03
   1.2263250e+03
   1.2269713e+03
   1.2276137e+03
   1.2282525e+03
   1.2288875e+03
   1.2295187e+03
   1.2301463e+03
   1.2307700e+03
   1.2313900e+03
   1.2320062e+03
   1.2326187e+03
   1.2332275e+03
   1.2338325e+03
   1.2344337e+03
   1.2350312e+03
   1.2356250e+03
   1.2362150e+03
   1.2368012e+03
   1.2373837e+03
   1.2379625e+03
   1.2385375e+03
   1.2391087e+03
   1.2396762e+03
   1.2402400e+03
   1.2408000e+03
   1.2413563e+03
   1.2419088e+03
   1.2424575e+03
   1.2430025e+03
   1.2435438e+03
   1.2440812e+03
   1.2446150e+03
   1.2451450e+03
   1.2456712e+03
   1.2461937e+03
   1.2467125e+03
   1.2472275e+03
   1.2477387e+03
   1.2482462e+03
   1.2487500e+03
