   0.0000000e+00
   2.0000000e+00
   4.0000000e+00
   6.0000000e+00
   8.0000000e+00
   1.0000000e+01
   1.2000000e+01
   1.4000000e+01
   1.6000000e+01
   1.8000000e+01
   2.0000000e+01
   2.2000000e+01
   2.4000000e+01
   2.6000000e+01
   2.8000000e+01
   3.0000000e+01
   3.2000000e+01
   3.4000000e+01
   3.6000000e+01
   3.8000000e+01
   4.0000000e+01
   4.2000000e+01
   4.4000000e+01
   4.6000000e+01
   4.8000000e+01
   5.0000000e+01
   5.2000000e+01
   5.4000000e+01
   5.6000000e+01
   5.8000000e+01
   6.0000000e+01
   6.2000000e+01
   6.4000000e+01
   6.6000000e+01
   6.8000000e+01
   7.0000000e+01
   7.2000000e+01
   7.4000000e+01
   7.6000000e+01
   7.8000000e+01
   8.0000000e+01
   8.2000000e+01
   8.4000000e+01
   8.6000000e+01
   8.8000000e+01
   9.0000000e+01
   9.2000000e+01
   9.4000000e+01
   9.6000000e+01
   9.8000000e+01
   1.0000000e+02
   1.0200000e+02
   1.0400000e+02
   1.0600000e+02
   1.0800000e+02
   1.1000000e+02
   1.1200000e+02
   1.1400000e+02
   1.1600000e+02
   1.1800000e+02
   1.2000000e+02
   1.2200000e+02
   1.2400000e+02
   1.2600000e+02
   1.2800000e+02
   1.3000000e+02
   1.3200000e+02
   1.3400000e+02
   1.3600000e+02
   1.3800000e+02
   1.4000000e+02
   1.4200000e+02
   1.4400000e+02
   1.4600000e+02
   1.4800000e+02
   1.5000000e+02
   1.5200000e+02
   1.5400000e+02
   1.5600000e+02
   1.5800000e+02
   1.6000000e+02
   1.6200000e+02
   1.6400000e+02
   1.6600000e+02
   1.6800000e+02
   1.7000000e+02
   1.7200000e+02
   1.7400000e+02
   1.7600000e+02
   1.7800000e+02
   1.8000000e+02
   1.8200000e+02
   1.8400000e+02
   1.8600000e+02
   1.8800000e+02
   1.9000000e+02
   1.9200000e+02
   1.9400000e+02
   1.9600000e+02
   1.9800000e+02
   2.0000000e+02
   2.0199625e+02
   2.0398875e+02
   2.0597750e+02
   2.0796250e+02
   2.0994375e+02
   2.1192125e+02
   2.1389500e+02
   2.1586500e+02
   2.1783125e+02
   2.1979375e+02
   2.2175250e+02
   2.2370750e+02
   2.2565875e+02
   2.2760625e+02
   2.2955000e+02
   2.3149000e+02
   2.3342625e+02
   2.3535875e+02
   2.3728750e+02
   2.3921250e+02
   2.4113375e+02
   2.4305125e+02
   2.4496500e+02
   2.4687500e+02
   2.4878125e+02
   2.5068375e+02
   2.5258250e+02
   2.5447750e+02
   2.5636875e+02
   2.5825625e+02
   2.6014000e+02
   2.6202000e+02
   2.6389625e+02
   2.6576875e+02
   2.6763750e+02
   2.6950250e+02
   2.7136375e+02
   2.7322125e+02
   2.7507500e+02
   2.7692500e+02
   2.7877125e+02
   2.8061375e+02
   2.8245250e+02
   2.8428750e+02
   2.8611875e+02
   2.8794625e+02
   2.8977000e+02
   2.9159000e+02
   2.9340625e+02
   2.9521875e+02
   2.9702750e+02
   2.9883250e+02
   3.0063375e+02
   3.0243125e+02
   3.0422500e+02
   3.0601500e+02
   3.0780125e+02
   3.0958375e+02
   3.1136250e+02
   3.1313750e+02
   3.1490875e+02
   3.1667625e+02
   3.1844000e+02
   3.2020000e+02
   3.2195625e+02
   3.2370875e+02
   3.2545750e+02
   3.2720250e+02
   3.2894375e+02
   3.3068125e+02
   3.3241500e+02
   3.3414500e+02
   3.3587125e+02
   3.3759375e+02
   3.3931250e+02
   3.4102750e+02
   3.4273875e+02
   3.4444625e+02
   3.4615000e+02
   3.4785000e+02
   3.4954625e+02
   3.5123875e+02
   3.5292750e+02
   3.5461250e+02
   3.5629375e+02
   3.5797125e+02
   3.5964500e+02
   3.6131500e+02
   3.6298125e+02
   3.6464375e+02
   3.6630250e+02
   3.6795750e+02
   3.6960875e+02
   3.7125625e+02
   3.7290000e+02
   3.7454000e+02
   3.7617625e+02
   3.7780875e+02
   3.7943750e+02
   3.8106250e+02
   3.8268375e+02
   3.8430125e+02
   3.8591500e+02
   3.8752500e+02
   3.8913125e+02
   3.9073375e+02
   3.9233250e+02
   3.9392750e+02
   3.9551875e+02
   3.9710625e+02
   3.9869000e+02
   4.0027000e+02
   4.0184625e+02
   4.0341875e+02
   4.0498750e+02
   4.0655250e+02
   4.0811375e+02
   4.0967125e+02
   4.1122500e+02
   4.1277500e+02
   4.1432125e+02
   4.1586375e+02
   4.1740250e+02
   4.1893750e+02
   4.2046875e+02
   4.2199625e+02
   4.2352000e+02
   4.2504000e+02
   4.2655625e+02
   4.2806875e+02
   4.2957750e+02
   4.3108250e+02
   4.3258375e+02
   4.3408125e+02
   4.3557500e+02
   4.3706500e+02
   4.3855125e+02
   4.4003375e+02
   4.4151250e+02
   4.4298750e+02
   4.4445875e+02
   4.4592625e+02
   4.4739000e+02
   4.4885000e+02
   4.5030625e+02
   4.5175875e+02
   4.5320750e+02
   4.5465250e+02
   4.5609375e+02
   4.5753125e+02
   4.5896500e+02
   4.6039500e+02
   4.6182125e+02
   4.6324375e+02
   4.6466250e+02
   4.6607750e+02
   4.6748875e+02
   4.6889625e+02
   4.7030000e+02
   4.7170000e+02
   4.7309625e+02
   4.7448875e+02
   4.7587750e+02
   4.7726250e+02
   4.7864375e+02
   4.8002125e+02
   4.8139500e+02
   4.8276500e+02
   4.8413125e+02
   4.8549375e+02
   4.8685250e+02
   4.8820750e+02
   4.8955875e+02
   4.9090625e+02
   4.9225000e+02
   4.9359000e+02
   4.9492625e+02
   4.9625875e+02
   4.9758750e+02
   4.9891250e+02
   5.0023375e+02
   5.0155125e+02
   5.0286500e+02
   5.0417500e+02
   5.0548125e+02
   5.0678375e+02
   5.0808250e+02
   5.0937750e+02
   5.1066875e+02
   5.1195625e+02
   5.1324000e+02
   5.1452000e+02
   5.1579625e+02
   5.1706875e+02
   5.1833750e+02
   5.1960250e+02
   5.2086375e+02
   5.2212125e+02
   5.2337500e+02
   5.2462500e+02
   5.2587125e+02
   5.2711375e+02
   5.2835250e+02
   5.2958750e+02
   5.3081875e+02
   5.3204625e+02
   5.3327000e+02
   5.3449000e+02
   5.3570625e+02
   5.3691875e+02
   5.3812750e+02
   5.3933250e+02
   5.4053375e+02
   5.4173125e+02
   5.4292500e+02
   5.4411500e+02
   5.4530125e+02
   5.4648375e+02
   5.4766250e+02
   5.4883750e+02
   5.5000875e+02
   5.5117625e+02
   5.5234000e+02
   5.5350000e+02
   5.5465625e+02
   5.5580875e+02
   5.5695750e+02
   5.5810250e+02
   5.5924375e+02
   5.6038125e+02
   5.6151500e+02
   5.6264500e+02
   5.6377125e+02
   5.6489375e+02
   5.6601250e+02
   5.6712750e+02
   5.6823875e+02
   5.6934625e+02
   5.7045000e+02
   5.7155000e+02
   5.7264625e+02
   5.7373875e+02
   5.7482750e+02
   5.7591250e+02
   5.7699375e+02
   5.7807125e+02
   5.7914500e+02
   5.8021500e+02
   5.8128125e+02
   5.8234375e+02
   5.8340250e+02
   5.8445750e+02
   5.8550875e+02
   5.8655625e+02
   5.8760000e+02
   5.8864000e+02
   5.8967625e+02
   5.9070875e+02
   5.9173750e+02
   5.9276250e+02
   5.9378375e+02
   5.9480125e+02
   5.9581500e+02
   5.9682500e+02
   5.9783125e+02
   5.9883375e+02
   5.9983250e+02
   6.0082750e+02
   6.0181875e+02
   6.0280625e+02
   6.0379000e+02
   6.0477000e+02
   6.0574625e+02
   6.0671875e+02
   6.0768750e+02
   6.0865250e+02
   6.0961375e+02
   6.1057125e+02
   6.1152500e+02
   6.1247500e+02
   6.1342125e+02
   6.1436375e+02
   6.1530250e+02
   6.1623750e+02
   6.1716875e+02
   6.1809625e+02
   6.1902000e+02
   6.1994000e+02
   6.2085625e+02
   6.2176875e+02
   6.2267750e+02
   6.2358250e+02
   6.2448375e+02
   6.2538125e+02
   6.2627500e+02
   6.2716500e+02
   6.2805125e+02
   6.2893375e+02
   6.2981250e+02
   6.3068750e+02
   6.3155875e+02
   6.3242625e+02
   6.3329000e+02
   6.3415000e+02
   6.3500625e+02
   6.3585875e+02
   6.3670750e+02
   6.3755250e+02
   6.3839375e+02
   6.3923125e+02
   6.4006500e+02
   6.4089500e+02
   6.4172125e+02
   6.4254375e+02
   6.4336250e+02
   6.4417750e+02
   6.4498875e+02
   6.4579625e+02
   6.4660000e+02
   6.4740000e+02
   6.4819625e+02
   6.4898875e+02
   6.4977750e+02
   6.5056250e+02
   6.5134375e+02
   6.5212125e+02
   6.5289500e+02
   6.5366500e+02
   6.5443125e+02
   6.5519375e+02
   6.5595250e+02
   6.5670750e+02
   6.5745875e+02
   6.5820625e+02
   6.5895000e+02
   6.5969000e+02
   6.6042625e+02
   6.6115875e+02
   6.6188750e+02
   6.6261250e+02
   6.6333375e+02
   6.6405125e+02
   6.6476500e+02
   6.6547500e+02
   6.6618125e+02
   6.6688375e+02
   6.6758250e+02
   6.6827750e+02
   6.6896875e+02
   6.6965625e+02
   6.7034000e+02
   6.7102000e+02
   6.7169625e+02
   6.7236875e+02
   6.7303750e+02
   6.7370250e+02
   6.7436375e+02
   6.7502125e+02
   6.7567500e+02
   6.7632500e+02
   6.7697125e+02
   6.7761375e+02
   6.7825250e+02
   6.7888750e+02
   6.7951875e+02
   6.8014625e+02
   6.8077000e+02
   6.8139000e+02
   6.8200625e+02
   6.8261875e+02
   6.8322750e+02
   6.8383250e+02
   6.8443375e+02
   6.8503125e+02
   6.8562500e+02
   6.8621500e+02
   6.8680125e+02
   6.8738375e+02
   6.8796250e+02
   6.8853750e+02
   6.8910875e+02
   6.8967625e+02
   6.9024000e+02
   6.9080000e+02
   6.9135625e+02
   6.9190875e+02
   6.9245750e+02
   6.9300250e+02
   6.9354375e+02
   6.9408125e+02
   6.9461500e+02
   6.9514500e+02
   6.9567125e+02
   6.9619375e+02
   6.9671250e+02
   6.9722750e+02
   6.9773875e+02
   6.9824625e+02
   6.9875000e+02
